1379,0.000153218
750,5.395e-05
14,3.16e-06
14,3.773e-06
3,1.823e-06
795,5.7672e-05
1251,6.7863e-05
2212,0.00016523
35,4.566e-06
727,4.0996e-05
39,0.000556203
3162,0.00130386
121,0.005313
34,0.000849385
72,0.00066885
0,0.000453558
61,0.000670453
0,0.000309757
1,3.8533e-05
4,2.5643e-05
273,3.9874e-05
97,2.4341e-05
2,7.49e-06
0,5.509e-06
0,7.653e-06
5,5.636e-06
1,8.573e-06
2,3.917e-06
39,2.1511e-05
0,6.865e-06
10,0.00185442
13,0.00126746
0,0.00151961
4,0.00135618
7,0.000932351
8,0.00154223
10,0.00125577
10,0.00675437
0,4.1309e-05
0,0.000676561
28,1.0193e-05
102,3.0744e-05
25,1.8209e-05
0,3.144e-06
0,6.634e-06
0,2.653e-06
1,5.87e-06
41,2.4513e-05
46,2.2871e-05
57,2.266e-05
3,0.00202447
0,0.000945648
6,0.000998562
0,0.000523837
0,0.000839681
1,0.000340584
34,0.0129484
0,0.000525268
0,5.083e-05
11,0.00189817
804,0.000564236
270,0.000436957
116,0.000451242
0,0.000289661
0,1.6462e-05
315,0.000738697
0,0.000647145
515,0.00079101
0,0.000646296
400,0.000767351
0,1.2049e-05
0,4.38e-06
0,4.853e-06
0,1.0464e-05
2,2.4726e-05
0,4.783e-06
0,8.644e-06
5,2.6169e-05
38,4.042e-05
4,3.0477e-05
0,1.9497e-05
42,0.000319169
111,0.000690426
342,0.000142834
589,0.000753972
0,1.8275e-05
263,0.00053394
261,0.000483765
139,0.000456228
93,0.000342433
0,2.1749e-05
0,6.745e-06
0,1.6443e-05
0,0.000216176
0,2.032e-05
0,1.0264e-05
7,0.000110568
38,0.000230666
0,2.7575e-05
0,9.281e-06
8,3.323e-05
131,7.1507e-05
93,7.9903e-05
8,3.3795e-05
38,1.5615e-05
8,5.3678e-05
10,3.8621e-05
17,2.0665e-05
131,7.3596e-05
8,3.2388e-05
34,1.7693e-05
32,2.0436e-05
2,2.023e-06
0,2.604e-06
0,1.519e-06
18,2.3423e-05
31,2.1608e-05
33,1.5542e-05
1,2.811e-06
5,1.191e-05
14524,0.00111352
3552,0.000172298
14,3.528e-06
51,6.03e-06
122,7.156e-06
1638,9.3706e-05
1251,6.9941e-05
2212,0.000100982
35,5.071e-06
3188,0.000139615
64,0.00111485
13770,0.00591685
122,0.00543862
34,0.000856715
75,0.001658
102,0.00221465
114,0.0016077
111,0.000643254
1,5.8434e-05
5,0.000134905
273,4.0843e-05
97,2.4296e-05
2,7.884e-06
0,5.856e-06
0,8.082e-06
5,5.826e-06
1,9.016e-06
2,4.153e-06
39,2.1669e-05
0,6.971e-06
10,0.00368605
13,0.0033591
0,0.00156265
4,0.00157716
8,0.00327131
8,0.00251948
11,0.00334527
10,0.00702519
0,8.0754e-05
0,0.000705454
199,1.9474e-05
102,3.438e-05
25,1.9757e-05
0,3.745e-06
0,6.87e-06
0,3.078e-06
1,6.283e-06
41,2.5032e-05
46,2.4412e-05
57,2.4006e-05
5,0.00382208
0,0.011197
6,0.00495998
0,0.00245045
1,0.000975097
1,0.00059855
34,0.0134277
0,0.0023325
0,5.2821e-05
11,0.00214165
3020,0.000990344
373,0.000632941
131,0.000714385
0,0.000504881
0,5.1632e-05
315,0.000750769
0,0.000657902
515,0.00079418
0,0.000660173
400,0.00077886
0,1.2829e-05
0,4.797e-06
0,5.158e-06
0,1.0841e-05
2,2.5754e-05
0,5.215e-06
0,9.426e-06
5,2.7135e-05
38,4.2649e-05
4,3.0003e-05
0,5.3453e-05
65,0.000545633
111,0.000696337
810,0.000220572
589,0.000753917
0,5.2755e-05
281,0.000792451
504,0.000734897
183,0.000716465
163,0.000574733
0,2.4125e-05
0,7.016e-06
0,1.7041e-05
0,0.000224585
0,2.1452e-05
0,1.1162e-05
7,0.000114349
38,0.000232455
0,2.8433e-05
0,9.898e-06
8,3.4975e-05
131,7.4514e-05
93,7.3556e-05
8,3.461e-05
43,1.7207e-05
8,5.398e-05
15,4.0435e-05
17,2.1225e-05
131,7.3722e-05
8,3.314e-05
34,2.298e-05
32,2.5492e-05
2,2.443e-06
0,3.21e-06
0,1.841e-06
18,2.6603e-05
31,2.3023e-05
33,1.6986e-05
1,3.305e-06
5,1.3283e-05
1379,0.000157182
750,5.4993e-05
14,2.886e-06
14,3.665e-06
3,1.734e-06
795,5.7722e-05
1251,6.8425e-05
2212,0.000164798
35,4.094e-06
727,4.1449e-05
39,0.000559552
3162,0.00125659
121,0.00531593
34,0.00085325
72,0.000671536
0,0.000454591
61,0.000676965
0,0.000311424
1,3.8347e-05
4,2.6433e-05
273,4.0152e-05
97,2.4508e-05
2,7.45e-06
0,5.726e-06
0,7.674e-06
5,5.563e-06
1,8.689e-06
2,3.875e-06
39,2.0964e-05
0,6.95e-06
10,0.0018584
13,0.00127278
0,0.0015145
4,0.00130215
7,0.000931655
8,0.00149354
10,0.00125654
10,0.00675696
0,4.3098e-05
0,0.000679663
28,1.123e-05
102,3.2022e-05
25,1.908e-05
0,3.426e-06
0,6.523e-06
0,2.745e-06
1,5.922e-06
41,2.4851e-05
46,2.3369e-05
57,2.3464e-05
3,0.00203002
0,0.000947875
6,0.00100348
0,0.000484225
0,0.000846539
1,0.000341801
34,0.0129162
0,0.000536544
0,5.0823e-05
11,0.00186873
804,0.00057503
270,0.00039872
116,0.00045152
0,0.000287583
0,1.6285e-05
315,0.00074312
0,0.00064864
515,0.000791169
0,0.000645966
400,0.000769249
0,1.2381e-05
0,4.367e-06
0,5.047e-06
0,1.0584e-05
2,2.557e-05
0,4.97e-06
0,9e-06
5,2.6256e-05
38,4.0546e-05
4,3.052e-05
0,1.944e-05
42,0.000321733
111,0.000691113
342,0.000144556
589,0.000747684
0,1.7919e-05
263,0.000533708
261,0.000489392
139,0.00045491
93,0.000340079
0,2.1846e-05
0,6.564e-06
0,1.6108e-05
0,0.000217352
0,2.0554e-05
0,1.0311e-05
7,0.000118165
38,0.000230022
0,2.7489e-05
0,9.657e-06
8,3.4662e-05
131,7.3769e-05
93,7.2804e-05
8,3.3506e-05
38,1.6226e-05
8,5.3531e-05
10,3.8815e-05
17,2.0846e-05
131,7.3754e-05
8,3.2501e-05
34,1.9671e-05
32,2.1716e-05
2,1.944e-06
0,2.566e-06
0,1.429e-06
18,2.491e-05
31,2.2542e-05
33,1.6601e-05
1,2.547e-06
5,1.2068e-05
14524,0.00110045
3552,0.000172266
14,3.46e-06
51,5.911e-06
122,7.531e-06
1638,9.516e-05
1251,7.2332e-05
2212,0.000102371
35,4.667e-06
3188,0.000142417
64,0.00117508
13770,0.00612147
122,0.0055209
34,0.000867113
75,0.00166281
102,0.00229825
114,0.00164009
111,0.00066266
1,5.9847e-05
5,0.000137476
273,4.4334e-05
97,2.6254e-05
2,1.0075e-05
0,7.033e-06
0,7.962e-06
5,5.918e-06
1,9.374e-06
2,4.039e-06
39,2.2782e-05
0,6.9e-06
10,0.00368126
13,0.00334448
0,0.00157776
4,0.00157741
8,0.00324275
8,0.00253971
11,0.00335001
10,0.0070046
0,8.5801e-05
0,0.000720833
199,2.0405e-05
102,3.873e-05
25,2.1225e-05
0,3.62e-06
0,6.769e-06
0,3.057e-06
1,6.179e-06
41,2.7388e-05
46,2.5492e-05
57,2.5737e-05
5,0.00388902
0,0.0112956
6,0.00503008
0,0.00247058
1,0.000994224
1,0.000619324
34,0.0130638
0,0.00252872
0,5.2156e-05
11,0.00216331
3020,0.00100366
373,0.000653847
131,0.00069318
0,0.000526738
0,5.2569e-05
315,0.000760162
0,0.000659314
515,0.000798488
0,0.000658889
400,0.000786658
0,1.2999e-05
0,4.804e-06
0,5.417e-06
0,1.5443e-05
2,2.5884e-05
0,5.292e-06
0,9.344e-06
5,2.7202e-05
38,4.601e-05
4,3.2296e-05
0,5.4455e-05
65,0.000564563
111,0.000704902
810,0.00022222
589,0.000758626
0,5.2256e-05
281,0.000783145
504,0.000753106
183,0.000697162
163,0.00058959
0,2.2901e-05
0,7.028e-06
0,1.7622e-05
0,0.000223614
0,2.0483e-05
0,1.0738e-05
7,0.00011443
38,0.000238214
0,2.8919e-05
0,9.719e-06
8,3.4957e-05
131,7.6424e-05
93,7.6977e-05
8,3.4164e-05
43,1.741e-05
8,5.7958e-05
15,4.0277e-05
17,2.1518e-05
131,7.5644e-05
8,3.3414e-05
34,2.4051e-05
32,2.4065e-05
2,2.057e-06
0,3.078e-06
0,1.786e-06
18,2.6771e-05
31,2.316e-05
33,1.6695e-05
1,2.958e-06
5,1.3441e-05
1288,0.000155888
628,5.0489e-05
4,2.007e-06
14,3.795e-06
3,1.851e-06
642,5.3873e-05
1250,7.0422e-05
2212,0.000164237
34,4.266e-06
723,4.2501e-05
34,0.000462158
3056,0.0011773
54,0.000889956
33,0.000859243
18,0.000644911
0,0.000454648
59,0.000650406
0,0.000303965
1,3.8239e-05
4,2.5692e-05
262,4.1183e-05
87,2.5094e-05
2,9.564e-06
0,6.922e-06
0,7.538e-06
5,5.611e-06
1,8.549e-06
2,4.012e-06
39,2.032e-05
0,6.507e-06
10,0.00149577
13,0.00119534
0,0.00151497
4,0.0012977
7,0.000834128
8,0.00146692
10,0.000882789
9,0.00121886
0,4.0765e-05
0,0.000676358
26,1.033e-05
101,3.2411e-05
25,1.8719e-05
0,3.61e-06
0,6.613e-06
0,2.816e-06
1,5.778e-06
41,2.5402e-05
46,2.3018e-05
57,2.2879e-05
3,0.0020207
0,0.000891541
6,0.00093013
0,0.00048707
0,0.000870545
1,0.000335139
30,0.001997
0,0.000442315
0,4.8463e-05
11,0.00185941
736,0.000523932
222,0.000348868
108,0.0004259
0,0.000255356
0,1.5792e-05
315,0.00074516
0,0.000649868
491,0.000778715
0,0.000647908
400,0.000768522
0,1.2356e-05
0,4.354e-06
0,5.188e-06
0,1.5038e-05
2,2.528e-05
0,4.74e-06
0,9.353e-06
5,2.6702e-05
38,4.2416e-05
4,3.1532e-05
0,1.8988e-05
38,0.000290565
111,0.000693437
290,0.000133979
589,0.000753754
0,1.8717e-05
245,0.000456948
253,0.000457054
128,0.000432501
89,0.000311925
0,2.1421e-05
0,6.5e-06
0,1.6292e-05
0,0.000213757
0,2.0476e-05
0,1.0674e-05
7,0.000109816
32,0.00016978
0,2.7419e-05
0,9.642e-06
8,3.3716e-05
131,7.47e-05
93,7.6915e-05
8,3.4041e-05
36,1.5629e-05
6,5.617e-05
8,3.8166e-05
17,2.0827e-05
131,7.4564e-05
8,3.2366e-05
34,2.2518e-05
32,2.1931e-05
2,1.84e-06
0,2.59e-06
0,1.439e-06
18,2.5228e-05
31,2.328e-05
33,1.5761e-05
1,2.797e-06
5,1.2747e-05
0,8.118e-06
0,3.514e-06
0,1.417e-06
0,1.172e-06
0,1.201e-06
0,2.424e-06
0,1.611e-06
0,1.632e-06
0,1.12e-06
0,1.592e-06
0,6.157e-06
0,4.223e-06
0,6.95e-06
0,2.986e-06
0,2.941e-06
0,2.729e-06
0,2.837e-06
0,2.826e-06
0,2.528e-06
0,2.412e-06
0,8.288e-06
0,3.641e-06
0,2.809e-06
0,2.498e-06
0,2.446e-06
0,2.16e-06
0,2.325e-06
0,2.292e-06
0,4.537e-06
0,2.265e-06
0,5.203e-06
0,3.563e-06
0,2.945e-06
0,3.377e-06
0,4.113e-06
0,3.019e-06
0,4.464e-06
0,5.83e-06
0,2.775e-06
0,2.825e-06
0,2.229e-06
0,4.104e-06
0,2.674e-06
0,2.491e-06
0,2.222e-06
0,2.059e-06
0,2.172e-06
0,3.738e-06
0,2.637e-06
0,2.637e-06
0,3.103e-06
0,4.132e-06
0,3.644e-06
0,2.667e-06
0,2.691e-06
0,2.819e-06
0,8.651e-06
0,3.613e-06
0,2.396e-06
0,2.82e-06
0,7.922e-06
0,5.26e-06
0,6.249e-06
0,4.049e-06
0,3.384e-06
0,5.616e-06
0,4.019e-06
0,4.639e-06
0,4.24e-06
0,4.448e-06
0,3.656e-06
0,3.51e-06
0,3.672e-06
0,3.755e-06
0,4e-06
0,3.434e-06
0,3.45e-06
0,3.648e-06
0,6.462e-06
0,5.037e-06
0,3.466e-06
0,4.774e-06
0,4.656e-06
0,5.983e-06
0,3.967e-06
0,3.787e-06
0,6.799e-06
0,8.344e-06
0,5.806e-06
0,5.599e-06
0,4.828e-06
0,4.707e-06
0,4.997e-06
0,7.814e-06
0,4.778e-06
0,4.625e-06
0,5.521e-06
0,8.132e-06
0,4.728e-06
0,4.712e-06
0,4.62e-06
0,4.726e-06
0,4.467e-06
0,3.462e-06
0,3.172e-06
0,8.511e-06
0,3.726e-06
0,3.342e-06
0,4.076e-06
0,3.573e-06
0,3.662e-06
0,2.606e-06
0,1.111e-06
0,1.083e-06
0,1.137e-06
0,1.955e-06
0,1.37e-06
0,1.431e-06
0,1.071e-06
0,1.387e-06
1288,0.000153537
628,5.1069e-05
4,2.099e-06
14,3.948e-06
3,1.585e-06
642,5.3953e-05
1250,6.9755e-05
2212,0.000164796
34,5.016e-06
723,4.3907e-05
34,0.000468269
3056,0.00117527
54,0.000911255
33,0.000870714
18,0.00064576
0,0.000458424
59,0.000652832
0,0.000306376
1,3.8887e-05
4,2.6108e-05
262,4.2836e-05
87,2.5105e-05
2,9.866e-06
0,6.981e-06
0,7.623e-06
5,1.123e-05
1,8.559e-06
2,4.047e-06
39,2.124e-05
0,6.644e-06
10,0.00148981
13,0.00119727
0,0.00152959
4,0.00129906
7,0.000840199
8,0.00147717
10,0.000889169
9,0.0012152
0,4.0751e-05
0,0.000676492
26,1.0924e-05
101,3.2984e-05
25,1.9134e-05
0,3.84e-06
0,6.545e-06
0,2.693e-06
1,5.696e-06
41,2.6108e-05
46,2.3134e-05
57,2.3238e-05
3,0.00203321
0,0.000888961
6,0.000930759
0,0.000487315
0,0.000879082
1,0.000334734
30,0.00199791
0,0.000442477
0,4.8727e-05
11,0.00185903
736,0.000515828
222,0.000347553
108,0.000427194
0,0.000255545
0,1.6356e-05
315,0.000748601
0,0.000650036
491,0.000771829
0,0.000648309
400,0.000769914
0,1.1887e-05
0,4.342e-06
0,4.891e-06
0,2.0695e-05
2,2.4829e-05
0,4.913e-06
0,9.085e-06
5,2.6379e-05
38,4.1979e-05
4,3.1391e-05
0,1.8723e-05
38,0.000287438
111,0.000691843
290,0.000131962
589,0.000746176
0,1.8e-05
245,0.000454205
253,0.000454503
128,0.000438699
89,0.000310449
0,2.1886e-05
0,6.714e-06
0,1.6009e-05
0,0.000212754
0,2.0403e-05
0,1.0309e-05
7,0.00011051
32,0.000171367
0,2.7819e-05
0,9.344e-06
8,3.3704e-05
131,7.479e-05
93,7.5552e-05
8,3.3358e-05
36,1.5469e-05
6,5.608e-05
8,3.8523e-05
17,2.0653e-05
131,7.479e-05
8,3.2483e-05
34,2.2388e-05
32,2.1542e-05
2,1.943e-06
0,2.493e-06
0,1.49e-06
18,2.5247e-05
31,2.2754e-05
33,1.6396e-05
1,2.722e-06
5,1.2268e-05
14524,0.00110268
3552,0.000168605
14,3.2e-06
51,6.615e-06
122,7.15e-06
1638,9.4429e-05
1251,7.109e-05
2212,0.000100789
35,4.656e-06
3188,0.000137342
64,0.00120106
13770,0.00610154
122,0.00547612
34,0.000861693
75,0.00166487
102,0.0022274
114,0.00160773
111,0.000653706
1,5.8753e-05
5,0.000134953
273,4.4551e-05
97,2.5681e-05
2,1.0002e-05
0,6.792e-06
0,8.028e-06
5,5.761e-06
1,8.835e-06
2,3.978e-06
39,2.1599e-05
0,6.945e-06
10,0.00371496
13,0.0033856
0,0.0015668
4,0.00155413
8,0.00322096
8,0.00252019
11,0.00333931
10,0.00706427
0,8.0245e-05
0,0.000705571
199,1.9744e-05
102,3.5357e-05
25,1.9733e-05
0,3.912e-06
0,6.835e-06
0,2.918e-06
1,5.907e-06
41,2.6796e-05
46,2.4372e-05
57,2.4223e-05
5,0.00380785
0,0.0113691
6,0.0049333
0,0.00244036
1,0.000970576
1,0.000604332
34,0.012968
0,0.00245953
0,5.2352e-05
11,0.00215614
3020,0.00104683
373,0.000641618
131,0.000681251
0,0.000517073
0,5.1792e-05
315,0.000745799
0,0.000647413
515,0.000785
0,0.000645833
400,0.000769982
0,1.259e-05
0,4.682e-06
0,5.261e-06
0,1.4966e-05
2,2.5414e-05
0,5.451e-06
0,9.401e-06
5,2.6947e-05
38,4.3675e-05
4,3.2178e-05
0,5.3189e-05
65,0.00055132
111,0.000690343
810,0.00022019
589,0.000744766
0,5.1588e-05
281,0.000772543
504,0.000739983
183,0.000685784
163,0.000578248
0,2.2348e-05
0,7.143e-06
0,1.624e-05
0,0.000219462
0,2.0188e-05
0,1.0896e-05
7,0.000112317
38,0.000230454
0,2.8539e-05
0,1.0349e-05
8,3.4697e-05
131,7.5667e-05
93,7.6143e-05
8,3.4182e-05
43,1.7252e-05
8,5.6987e-05
15,4.0214e-05
17,2.1478e-05
131,7.5035e-05
8,3.306e-05
34,2.2891e-05
32,2.3268e-05
2,2.125e-06
0,2.812e-06
0,1.738e-06
18,2.6353e-05
31,2.282e-05
33,1.5901e-05
1,2.879e-06
5,1.2806e-05
1288,0.000155745
628,5.0887e-05
4,2.361e-06
14,4.068e-06
3,1.988e-06
642,5.3149e-05
1250,7.0118e-05
2212,0.000164593
34,4.91e-06
723,4.2423e-05
34,0.000462096
3056,0.00117095
54,0.000891982
33,0.000862641
18,0.000640496
0,0.000462115
59,0.000652611
0,0.000305994
1,3.9404e-05
4,2.6584e-05
262,4.2039e-05
87,2.5176e-05
2,1.0224e-05
0,7.153e-06
0,7.887e-06
5,6.295e-06
1,8.908e-06
2,4.397e-06
39,2.1433e-05
0,6.91e-06
10,0.00148483
13,0.00120013
0,0.00151683
4,0.00128567
7,0.000832069
8,0.0014705
10,0.000886496
9,0.00120906
0,4.1718e-05
0,0.000687968
26,1.0889e-05
101,3.2863e-05
25,1.9521e-05
0,4.035e-06
0,6.83e-06
0,3.037e-06
1,6.471e-06
41,2.6251e-05
46,2.3747e-05
57,2.3534e-05
3,0.00201851
0,0.000884688
6,0.000935983
0,0.000487862
0,0.000870874
1,0.000336025
30,0.00200445
0,0.000442526
0,4.909e-05
11,0.00185549
736,0.000516971
222,0.000356336
108,0.000426735
0,0.000256325
0,1.6702e-05
315,0.000745885
0,0.000651785
491,0.000776976
0,0.000656613
400,0.000773062
0,1.2377e-05
0,4.828e-06
0,5.602e-06
0,1.5177e-05
2,2.598e-05
0,4.931e-06
0,9.518e-06
5,2.711e-05
38,4.2899e-05
4,3.2021e-05
0,1.9084e-05
38,0.000288629
111,0.000694465
290,0.000134568
589,0.000749728
0,1.9332e-05
245,0.000456073
253,0.000456651
128,0.000433396
89,0.000308359
0,2.2131e-05
0,7.103e-06
0,1.6711e-05
0,0.000214754
0,2.1384e-05
0,1.1219e-05
7,0.000111822
32,0.000172269
0,2.7405e-05
0,1.0155e-05
8,3.4628e-05
131,7.5191e-05
93,7.5946e-05
8,3.4103e-05
36,1.6365e-05
6,5.6642e-05
8,3.9227e-05
17,2.157e-05
131,7.4712e-05
8,3.3074e-05
34,2.2105e-05
32,2.1943e-05
2,2.021e-06
0,2.595e-06
0,1.457e-06
18,2.5209e-05
31,2.3122e-05
33,1.6372e-05
1,2.79e-06
5,1.2271e-05
0,7.289e-06
0,3.493e-06
0,1.094e-06
0,1.066e-06
0,1.293e-06
0,2.434e-06
0,1.599e-06
0,1.606e-06
0,1.031e-06
0,1.573e-06
0,5.429e-06
0,4.359e-06
0,6.724e-06
0,2.798e-06
0,3.106e-06
0,2.602e-06
0,2.819e-06
0,2.755e-06
0,2.339e-06
0,2.202e-06
0,7.743e-06
0,3.366e-06
0,2.507e-06
0,2.403e-06
0,2.255e-06
0,2.203e-06
0,2.21e-06
0,2.245e-06
0,4.05e-06
0,2.163e-06
0,5.035e-06
0,3.656e-06
0,2.696e-06
0,3.524e-06
0,4.221e-06
0,3.24e-06
0,4.398e-06
0,5.908e-06
0,2.295e-06
0,2.839e-06
0,2.191e-06
0,4.125e-06
0,2.597e-06
0,2.306e-06
0,2.149e-06
0,1.979e-06
0,2.198e-06
0,3.651e-06
0,2.55e-06
0,2.51e-06
0,2.948e-06
0,3.806e-06
0,3.668e-06
0,2.313e-06
0,2.604e-06
0,2.642e-06
0,8.262e-06
0,3.415e-06
0,2.252e-06
0,2.849e-06
0,8.023e-06
0,4.962e-06
0,6.07e-06
0,4.196e-06
0,3.373e-06
0,5.398e-06
0,3.946e-06
0,4.757e-06
0,4.04e-06
0,4.424e-06
0,3.712e-06
0,3.545e-06
0,3.298e-06
0,3.488e-06
0,3.96e-06
0,3.323e-06
0,3.474e-06
0,3.417e-06
0,6.247e-06
0,4.858e-06
0,3.371e-06
0,4.978e-06
0,4.537e-06
0,5.762e-06
0,3.974e-06
0,3.292e-06
0,6.712e-06
0,8.17e-06
0,5.752e-06
0,5.3e-06
0,4.554e-06
0,4.596e-06
0,4.505e-06
0,7.278e-06
0,4.525e-06
0,4.566e-06
0,5.452e-06
0,8.234e-06
0,4.83e-06
0,4.696e-06
0,4.264e-06
0,4.372e-06
0,4.203e-06
0,3.479e-06
0,3.195e-06
0,8.452e-06
0,3.514e-06
0,3.243e-06
0,4.125e-06
0,3.471e-06
0,3.703e-06
0,2.514e-06
0,1.102e-06
0,1.075e-06
0,9.55e-07
0,2.044e-06
0,1.416e-06
0,1.556e-06
0,9.83e-07
0,1.363e-06
0,7.252e-06
0,3.354e-06
0,1.13e-06
0,9.55e-07
0,1.047e-06
0,2.25e-06
0,1.448e-06
0,1.788e-06
0,1.017e-06
0,1.445e-06
0,5.514e-06
0,4.137e-06
0,6.292e-06
0,2.651e-06
0,2.882e-06
0,2.573e-06
0,2.716e-06
0,2.686e-06
0,2.279e-06
0,2.172e-06
0,7.625e-06
0,3.569e-06
0,2.427e-06
0,2.259e-06
0,2.11e-06
0,1.87e-06
0,2.009e-06
0,2.144e-06
0,4.066e-06
0,2.047e-06
0,4.898e-06
0,3.62e-06
0,2.634e-06
0,3.236e-06
0,4.099e-06
0,2.988e-06
0,4.316e-06
0,5.679e-06
0,2.154e-06
0,2.75e-06
0,2.04e-06
0,4.035e-06
0,2.436e-06
0,2.191e-06
0,2.182e-06
0,1.925e-06
0,2.111e-06
0,3.707e-06
0,2.396e-06
0,2.386e-06
0,3.094e-06
0,3.849e-06
0,3.455e-06
0,2.415e-06
0,2.608e-06
0,2.566e-06
0,8.287e-06
0,3.314e-06
0,2.158e-06
0,2.799e-06
0,7.834e-06
0,4.83e-06
0,5.936e-06
0,3.908e-06
0,3.179e-06
0,5.497e-06
0,3.72e-06
0,4.491e-06
0,3.898e-06
0,4.198e-06
0,3.53e-06
0,3.323e-06
0,3.415e-06
0,3.544e-06
0,3.83e-06
0,3.196e-06
0,3.36e-06
0,3.41e-06
0,6.127e-06
0,4.974e-06
0,3.224e-06
0,4.783e-06
0,4.386e-06
0,5.787e-06
0,3.943e-06
0,3.08e-06
0,6.71e-06
0,8.061e-06
0,5.78e-06
0,5.09e-06
0,4.33e-06
0,4.641e-06
0,4.517e-06
0,7.259e-06
0,4.304e-06
0,4.309e-06
0,5.342e-06
0,8.193e-06
0,4.681e-06
0,4.577e-06
0,4.451e-06
0,4.4e-06
0,4.167e-06
0,3.441e-06
0,3.056e-06
0,8.334e-06
0,3.417e-06
0,3.116e-06
0,3.887e-06
0,3.257e-06
0,3.576e-06
0,2.427e-06
0,1.017e-06
0,9.72e-07
0,8.98e-07
0,2.014e-06
0,1.363e-06
0,1.444e-06
0,9.83e-07
0,1.325e-06
544,9.311e-05
636,5.0894e-05
14,2.651e-06
51,5.667e-06
122,6.716e-06
705,5.6373e-05
519,4.0274e-05
464,3.202e-05
35,4.271e-06
700,4.0586e-05
40,0.00051707
2330,0.00121531
41,0.000558684
34,0.000369439
72,0.000606822
51,0.000532188
55,0.000616576
108,0.000630247
1,4.3797e-05
5,0.00014125
189,3.818e-05
94,2.5981e-05
2,9.976e-06
0,6.887e-06
0,7.974e-06
5,5.759e-06
1,8.823e-06
2,3.901e-06
31,2.1735e-05
0,6.637e-06
9,0.000733107
12,0.000725227
0,0.00034161
4,0.000672138
6,0.000728201
8,0.000857869
10,0.000754795
10,0.000831722
0,6.2049e-05
0,0.000265049
199,1.7691e-05
102,3.2638e-05
25,1.911e-05
0,3.524e-06
0,6.487e-06
0,2.88e-06
1,5.976e-06
39,2.5028e-05
46,2.3098e-05
57,2.2992e-05
3,0.000758951
0,0.000364883
4,0.000893851
0,0.000547048
0,0.000485614
1,0.000553607
32,0.00109089
0,0.000450821
0,3.594e-05
11,0.0008626
611,0.000471923
259,0.000385037
84,0.000329145
0,0.000272976
0,5.2128e-05
97,0.000295046
0,0.00023239
233,0.000335027
0,0.000231185
164,0.000320934
0,1.1816e-05
0,5.146e-06
0,5.042e-06
0,1.5136e-05
2,2.4442e-05
0,4.945e-06
0,8.922e-06
5,2.6348e-05
38,4.2732e-05
4,3.2067e-05
0,5.2278e-05
36,0.000304963
49,0.000268394
778,0.000201014
231,0.000287454
0,5.0698e-05
208,0.000403292
172,0.00040631
96,0.000337765
78,0.00032395
0,2.1869e-05
0,6.782e-06
0,1.6152e-05
0,0.00016948
0,2.0113e-05
0,1.0634e-05
7,0.000111448
38,0.000229024
0,2.7595e-05
0,9.495e-06
8,3.3739e-05
131,7.3749e-05
93,8.124e-05
8,3.4284e-05
43,1.7176e-05
8,5.6274e-05
15,3.8857e-05
17,2.1147e-05
131,7.5337e-05
8,3.2601e-05
34,2.1075e-05
32,2.0907e-05
2,2.085e-06
0,2.63e-06
0,1.443e-06
18,2.4968e-05
31,2.2544e-05
33,1.6389e-05
1,2.745e-06
5,1.2263e-05
544,9.7015e-05
636,5.3622e-05
14,2.684e-06
51,5.678e-06
122,7.161e-06
705,5.939e-05
519,4.2717e-05
464,3.3504e-05
35,4.507e-06
700,4.0519e-05
40,0.000499821
2330,0.00118188
41,0.00054743
34,0.000364658
72,0.000580993
51,0.00051532
55,0.000594291
108,0.000609518
1,4.2892e-05
5,0.000134834
189,3.7876e-05
94,2.5428e-05
2,9.804e-06
0,6.609e-06
0,7.481e-06
5,5.892e-06
1,8.634e-06
2,3.913e-06
31,2.02e-05
0,6.514e-06
9,0.000717063
12,0.00070113
0,0.000332747
4,0.000665846
6,0.000726423
8,0.000856831
10,0.00076021
10,0.000825898
0,6.1587e-05
0,0.000263162
199,1.6087e-05
102,3.2902e-05
25,1.8471e-05
0,3.693e-06
0,6.759e-06
0,2.981e-06
1,5.804e-06
39,2.5412e-05
46,2.2964e-05
57,2.3025e-05
3,0.00075757
0,0.000366965
4,0.000897936
0,0.0005473
0,0.000478539
1,0.000549668
32,0.0010921
0,0.000449754
0,3.5516e-05
11,0.000867661
611,0.000474239
259,0.000383087
84,0.000328158
0,0.000273204
0,5.1534e-05
97,0.000294864
0,0.000232211
233,0.000334761
0,0.000229395
164,0.000327235
0,1.2057e-05
0,4.275e-06
0,5.157e-06
0,1.5e-05
2,2.5218e-05
0,5.246e-06
0,9.042e-06
5,2.6421e-05
38,4.2043e-05
4,3.1932e-05
0,5.2351e-05
36,0.00030364
49,0.000263049
778,0.000201875
231,0.000287454
0,5.1717e-05
208,0.000402266
172,0.000409914
96,0.000339792
78,0.000326726
0,3.0645e-05
0,6.832e-06
0,1.6733e-05
0,0.000171904
0,2.0789e-05
0,1.1283e-05
7,0.000113166
38,0.000233006
0,2.8223e-05
0,1.0158e-05
8,3.4355e-05
131,7.624e-05
93,7.5813e-05
8,3.3864e-05
43,1.7311e-05
8,5.7399e-05
15,3.99e-05
17,2.1034e-05
131,7.6245e-05
8,3.2624e-05
34,2.3003e-05
32,2.3983e-05
2,2.467e-06
0,2.997e-06
0,1.821e-06
18,2.6407e-05
31,2.394e-05
33,1.6813e-05
1,3.03e-06
5,1.3136e-05
14524,0.00110161
3552,0.000168683
14,3.012e-06
51,6.21e-06
122,6.997e-06
1638,9.4612e-05
1251,7.0572e-05
2212,0.000101572
35,4.731e-06
3188,0.000139026
64,0.00115033
13770,0.00603689
122,0.00538257
34,0.000866038
75,0.00166249
102,0.0022323
114,0.00161864
111,0.000649691
1,5.8941e-05
5,0.000135811
273,4.4539e-05
97,2.568e-05
2,1.0415e-05
0,7.125e-06
0,7.873e-06
5,5.799e-06
1,9.122e-06
2,4.04e-06
39,2.2504e-05
0,7.04e-06
10,0.00367478
13,0.00335545
0,0.0015838
4,0.00156572
8,0.00322168
8,0.00251846
11,0.00334884
10,0.00700896
0,8.0889e-05
0,0.000700875
199,1.8938e-05
102,3.5199e-05
25,2.0152e-05
0,3.814e-06
0,6.846e-06
0,2.96e-06
1,5.983e-06
41,2.6912e-05
46,2.4303e-05
57,2.4051e-05
5,0.00381131
0,0.0112952
6,0.0049376
0,0.00245817
1,0.000965874
1,0.000605215
34,0.0129168
0,0.0024567
0,5.4204e-05
11,0.00215612
3020,0.000991255
373,0.000642132
131,0.000680197
0,0.000514738
0,5.1034e-05
315,0.000745557
0,0.000649867
515,0.000793306
0,0.000646115
400,0.000769179
0,1.2922e-05
0,4.823e-06
0,5.608e-06
0,1.5221e-05
2,2.5617e-05
0,5.169e-06
0,9.518e-06
5,2.6681e-05
38,4.4728e-05
4,3.1902e-05
0,5.3545e-05
65,0.000556404
111,0.000698271
810,0.000221452
589,0.000748302
0,5.2913e-05
281,0.000766174
504,0.000742572
183,0.000690755
163,0.000578153
0,2.3228e-05
0,6.901e-06
0,1.7075e-05
0,0.000220006
0,2.0747e-05
0,1.091e-05
7,0.000113855
38,0.000231541
0,2.8331e-05
0,9.957e-06
8,3.4869e-05
131,7.5585e-05
93,7.6755e-05
8,3.4865e-05
43,1.7332e-05
8,5.76e-05
15,4.0284e-05
17,2.1148e-05
131,7.4733e-05
8,3.3188e-05
34,2.3518e-05
32,2.3532e-05
2,2.176e-06
0,3.144e-06
0,1.698e-06
18,2.5669e-05
31,2.3327e-05
33,1.6216e-05
1,2.96e-06
5,1.3193e-05
544,9.378e-05
636,5.3489e-05
14,3.026e-06
51,5.613e-06
122,6.59e-06
705,5.5748e-05
519,4.1989e-05
464,3.2354e-05
35,4.227e-06
700,4.156e-05
40,0.000511972
2330,0.00118525
41,0.000542782
34,0.000365784
72,0.000595735
51,0.000515103
55,0.00059723
108,0.000610986
1,4.3128e-05
5,0.000133627
189,3.9296e-05
94,2.5452e-05
2,9.861e-06
0,6.804e-06
0,7.728e-06
5,6.043e-06
1,8.672e-06
2,3.96e-06
31,2.0552e-05
0,6.694e-06
9,0.000712942
12,0.000703882
0,0.00033445
4,0.000666343
6,0.000725369
8,0.000861744
10,0.000751257
10,0.00083309
0,6.1328e-05
0,0.000266401
199,1.7407e-05
102,3.2768e-05
25,1.9001e-05
0,3.644e-06
0,6.556e-06
0,2.816e-06
1,5.861e-06
39,2.5277e-05
46,2.3372e-05
57,2.3181e-05
3,0.000758383
0,0.000366569
4,0.000891731
0,0.00054638
0,0.00048359
1,0.000551199
32,0.00109486
0,0.000448052
0,3.5468e-05
11,0.000862055
611,0.000473017
259,0.000383382
84,0.000327368
0,0.000272816
0,5.1215e-05
97,0.000293343
0,0.00023093
233,0.000332155
0,0.000227479
164,0.000317592
0,1.2131e-05
0,4.764e-06
0,5.115e-06
0,1.492e-05
2,2.5449e-05
0,4.773e-06
0,9.007e-06
5,2.654e-05
38,4.2758e-05
4,3.1553e-05
0,5.2653e-05
36,0.000304121
49,0.000267195
778,0.000203794
231,0.000289942
0,5.155e-05
208,0.000400872
172,0.000408256
96,0.000336731
78,0.000324589
0,2.2261e-05
0,6.583e-06
0,1.6511e-05
0,0.000170452
0,2.0471e-05
0,1.0427e-05
7,0.000111508
38,0.000229437
0,2.8213e-05
0,1.0068e-05
8,3.4258e-05
131,7.5332e-05
93,7.6063e-05
8,3.3961e-05
43,1.7646e-05
8,6.3377e-05
15,3.9668e-05
17,2.1513e-05
131,8.5983e-05
8,3.2843e-05
34,2.0613e-05
32,2.1327e-05
2,1.953e-06
0,2.788e-06
0,1.658e-06
18,2.5021e-05
31,2.1716e-05
33,1.6091e-05
1,2.922e-06
5,1.2021e-05
14524,0.00111792
3552,0.000170506
14,3.668e-06
51,5.963e-06
122,7.363e-06
1638,9.4789e-05
1251,7.2476e-05
2212,0.000102732
35,4.835e-06
3188,0.000141243
64,0.00115799
13770,0.00605738
122,0.00537554
34,0.000864206
75,0.00167693
102,0.0022178
114,0.00161146
111,0.000646823
1,5.747e-05
5,0.000134616
273,4.1652e-05
97,2.469e-05
2,7.768e-06
0,5.771e-06
0,7.643e-06
5,5.903e-06
1,8.807e-06
2,4.004e-06
39,2.1289e-05
0,6.783e-06
10,0.00367262
13,0.00335551
0,0.00158098
4,0.00157881
8,0.00327019
8,0.0025545
11,0.00335756
10,0.0070243
0,8.6127e-05
0,0.000705045
199,2.0582e-05
102,3.735e-05
25,2.0794e-05
0,4.21e-06
0,7.082e-06
0,3.011e-06
1,6.448e-06
41,2.6282e-05
46,2.5098e-05
57,2.536e-05
5,0.00382367
0,0.0112961
6,0.00494945
0,0.00245362
1,0.000961306
1,0.000602506
34,0.0128737
0,0.00245346
0,5.1791e-05
11,0.0021675
3020,0.000993102
373,0.000645259
131,0.000684237
0,0.000517099
0,5.1623e-05
315,0.000747327
0,0.000650716
515,0.000786764
0,0.000652997
400,0.000769276
0,1.2724e-05
0,4.828e-06
0,5.472e-06
0,1.0988e-05
2,2.5883e-05
0,5.484e-06
0,9.46e-06
5,2.749e-05
38,4.146e-05
4,3.1322e-05
0,5.2281e-05
65,0.00055315
111,0.00069004
810,0.000220032
589,0.000755755
0,5.2871e-05
281,0.000764875
504,0.000743083
183,0.000685602
163,0.000586594
0,2.291e-05
0,7e-06
0,1.6976e-05
0,0.000219565
0,2.1011e-05
0,1.1087e-05
7,0.000112352
38,0.00022785
0,2.8324e-05
0,1.0124e-05
8,3.4987e-05
131,7.4603e-05
93,7.3684e-05
8,3.4053e-05
43,1.7249e-05
8,5.4387e-05
15,4.0088e-05
17,2.1006e-05
131,7.4169e-05
8,3.2942e-05
34,1.9348e-05
32,2.19e-05
2,2.18e-06
0,2.978e-06
0,1.618e-06
18,2.5433e-05
31,2.2728e-05
33,1.5969e-05
1,2.905e-06
5,1.2584e-05
14524,0.00110809
3552,0.000171314
14,3.365e-06
51,6.094e-06
122,6.941e-06
1638,9.4005e-05
1251,7.0257e-05
2212,0.000101336
35,4.611e-06
3188,0.000144433
64,0.0011302
13770,0.00605851
122,0.00533814
34,0.00085342
75,0.00168395
102,0.00221902
114,0.00163767
111,0.000636018
1,5.7484e-05
5,0.000133379
273,4.0611e-05
97,2.4027e-05
2,7.983e-06
0,5.62e-06
0,7.641e-06
5,5.641e-06
1,8.679e-06
2,3.96e-06
39,2.0699e-05
0,6.891e-06
10,0.00366063
13,0.00334412
0,0.00157899
4,0.00157224
8,0.00325259
8,0.00254886
11,0.00333739
10,0.00706093
0,8.0467e-05
0,0.000693289
199,1.7047e-05
102,3.1268e-05
25,1.8886e-05
0,3.542e-06
0,6.655e-06
0,2.825e-06
1,5.769e-06
41,2.4238e-05
46,2.289e-05
57,2.2836e-05
5,0.00381419
0,0.0112906
6,0.00492838
0,0.0024492
1,0.000951512
1,0.000602389
34,0.0128981
0,0.00243266
0,5.1708e-05
11,0.00215414
3020,0.000988758
373,0.000646289
131,0.00069436
0,0.000519148
0,5.2533e-05
315,0.000737528
0,0.000657626
515,0.00078986
0,0.000645878
400,0.000768534
0,1.2106e-05
0,4.49e-06
0,4.943e-06
0,1.0365e-05
2,2.5428e-05
0,5.228e-06
0,8.773e-06
5,2.6536e-05
38,4.0296e-05
4,3.0393e-05
0,5.3611e-05
65,0.000552262
111,0.000696157
810,0.000219326
589,0.000748141
0,5.2321e-05
281,0.000774015
504,0.000739876
183,0.000704704
163,0.000579916
0,2.5065e-05
0,6.867e-06
0,1.6348e-05
0,0.000216623
0,2.1075e-05
0,1.0733e-05
7,0.000110939
38,0.000230078
0,2.7982e-05
0,9.925e-06
8,3.4751e-05
131,7.2754e-05
93,7.2926e-05
8,3.4555e-05
43,1.6184e-05
8,5.3746e-05
15,4.0324e-05
17,2.1277e-05
131,7.3902e-05
8,3.3214e-05
34,1.7428e-05
32,1.9356e-05
2,1.891e-06
0,2.491e-06
0,1.531e-06
18,2.373e-05
31,2.1369e-05
33,1.5556e-05
1,2.889e-06
5,1.1889e-05
2276,0.00025954
2276,0.000266405
2276,0.000277131
2276,0.000262917
2276,0.000262547
2276,0.000266709
2276,0.000267375
2276,0.000266505
2276,0.000267809
2276,0.000260824
