0,3,0.000116345
144,1,0.000343626
40,1,0.000102635
6,3,7.2281e-05
50,17,0.000278791
127,2,0.000117757
2,31,0.000615519
42,42,0.000496797
57,1,0.000379868
26,39,0.000499535
1,4,4.5777e-05
145,2,0.000170348
41,2,3.9137e-05
7,4,3.7869e-05
51,18,0.000169274
128,3,6.9806e-05
3,32,0.000254849
43,43,0.000354017
58,2,0.000161503
27,40,0.000333599
../../data/robots.edge	2	10	0	0.000163618	0.000302315	-nan	-nan
0,3,0.000115052
144,1,0.000350418
40,1,0.000103045
6,3,7.1335e-05
50,17,0.000255556
127,2,0.000109753
2,31,0.000579661
42,42,0.000450317
57,1,0.000363214
26,39,0.00047111
0,3,0.000188731
144,1,0.000407273
40,1,0.000158461
6,3,0.000134799
50,17,0.000333763
127,2,0.000168709
2,31,0.000704891
42,42,0.000559988
57,1,0.000428163
26,39,0.000559387
1,4,21.1036
145,2,0.000357027
41,2,0.000124799
7,4,0.000119707
51,18,0.000328668
128,3,0.000166629
3,32,0.000462384
43,43,0.000604783
58,2,0.000345443
27,40,0.000547358
../../data/robots.edge	2	10	0	2.11067	0.000364417	-nan	-nan
0,3,0.000204472
144,1,0.00692464
40,1,0.000173041
6,3,0.000127056
50,17,0.000339405
127,2,0.000179807
2,31,0.000687506
42,42,0.000560228
57,1,0.000430773
26,39,0.000559937
1,4,9.4288e-05
145,2,0.000225037
41,2,8.4915e-05
7,4,8.3672e-05
51,18,0.000224056
128,3,0.00011512
3,32,0.000311398
43,43,0.000411537
58,2,0.000217735
27,40,0.000382939
../../data/robots.edge	2	10	0	0.00021507	0.00101869	-nan	-nan
0,3,0.000193882
144,1,0.000401244
40,1,0.000154289
6,3,0.000121049
50,17,0.000316027
127,2,0.00016414
2,31,0.00063989
42,42,0.000536053
57,1,0.000400981
26,39,0.000533227
1,4,8.7246e-05
145,2,0.000206686
41,2,7.9078e-05
7,4,7.8891e-05
51,18,0.000203321
128,3,0.000111952
3,32,0.000292879
43,43,0.000388063
58,2,0.000202532
27,40,0.000357439
../../data/robots.edge	2	10	0	0.000200809	0.000346078	-nan	-nan
0,3,0.000290059
144,1,0.000597252
40,1,0.000227481
6,3,0.000180531
50,17,0.00046496
127,2,0.000239001
2,31,0.000793592
42,42,0.000654726
57,1,0.000473622
26,39,0.000672694
1,4,0.000100105
145,2,0.000281417
41,2,0.000115642
7,4,0.000100178
51,18,0.000287487
128,3,0.000155582
3,32,0.00038551
43,43,0.000517384
58,2,0.000265232
27,40,0.000472871
../../data/robots.edge	2	10	0	0.000268141	0.000459392	-nan	-nan
0,3,0.000279317
144,1,0.000572252
40,1,0.000230599
6,3,0.000191099
50,17,0.000455747
127,2,0.000230255
2,31,0.00092961
42,42,0.000757425
57,1,0.000571546
26,39,0.000753816
1,4,0.000125382
145,2,0.000299406
41,2,0.000114122
7,4,0.00011186
51,18,0.000303814
128,3,0.000162949
3,32,0.000416647
43,43,0.000545081
58,2,0.00028272
27,40,0.000507353
../../data/robots.edge	2	10	0	0.000286933	0.000497167	-nan	-nan
0,3,0.000250113
144,1,0.000508447
40,1,0.000206328
6,3,0.000174446
50,17,0.0004422
127,2,0.000217168
2,31,0.000928292
42,42,0.000749316
57,1,0.00056501
26,39,0.000748663
1,4,0.000121613
145,2,0.000313175
41,2,0.000116116
7,4,0.00011346
51,18,0.000313899
128,3,0.000157985
3,32,0.000433898
43,43,0.000600752
58,2,0.000301408
27,40,0.000542438
../../data/robots.edge	2	10	0	0.000301474	0.000478998	-nan	-nan
0,3,0.000298438
144,1,0.000549383
40,1,0.000220561
6,3,0.000199512
50,17,0.000416484
127,2,0.000207223
2,31,0.000915266
42,42,0.000693332
57,1,0.000537383
26,39,0.000650793
1,4,0.000107169
145,2,0.000271245
41,2,9.9495e-05
7,4,9.7337e-05
51,18,0.00027164
128,3,0.000137339
3,32,0.000374509
43,43,0.000508175
58,2,0.000256117
27,40,0.000462692
../../data/robots.edge	2	10	0	0.000258572	0.000468838	-nan	-nan
0,3,0.000190982
144,1,0.000429156
40,1,0.000162886
6,3,0.000127628
50,17,0.000321285
127,2,0.000149821
2,31,0.000641017
42,42,0.000530134
57,1,0.000402954
26,39,0.00054877
1,4,9.5914e-05
145,2,0.000218052
41,2,8.4063e-05
7,4,7.8726e-05
51,18,0.000208381
128,3,0.000113126
3,32,0.000294054
43,43,0.000388846
58,2,0.000216024
27,40,0.000388712
../../data/robots.edge	2	10	0	0.00020859	0.000350463	-nan	-nan
0,3,0.000786864
144,1,0.00338937
40,1,0.00101049
6,3,0.000705774
50,17,0.00207922
127,2,0.0010818
2,31,0.00599643
42,42,0.00352898
57,1,0.0034997
26,39,0.00377746
1,4,0.000469708
145,2,0.00142924
41,2,0.00048543
7,4,0.000454568
51,18,0.00128262
128,3,0.000846817
3,32,0.00171052
43,43,0.00249917
58,2,0.00122237
27,40,0.00229205
../../data/robots.edge	2	10	32767	0.00126925	0.00258561	0	2.12206e-314
0,3,0.000787078
144,1,0.00339835
40,1,0.0010136
6,3,0.000693604
50,17,0.00208871
127,2,0.00108153
2,31,0.00603781
42,42,0.00351516
57,1,0.0034919
26,39,0.00377861
1,4,0.000471966
145,2,0.001429
41,2,0.00048758
7,4,0.000456065
51,18,0.00128508
128,3,0.000846199
3,32,0.00169383
43,43,0.0023759
58,2,0.00120885
27,40,0.00217048
../../data/robots.edge	2	10	32767	0.00124249	0.00258864	0	2.12206e-314
0,3,0.00108206
144,1,0.00482199
40,1,0.00143624
6,3,0.000984524
50,17,0.00298599
127,2,0.00153799
2,31,0.0079274
42,42,0.00461108
57,1,0.00427633
26,39,0.00459541
1,4,0.00056952
145,2,0.00175323
41,2,0.000614548
7,4,0.000539645
51,18,0.00145518
128,3,0.000972974
3,32,0.00190242
43,43,0.00272905
58,2,0.00141671
27,40,0.00258766
../../data/robots.edge	2	10	32767	0.00145409	0.0034259	0	2.12206e-314
0,3,0.00105163
144,1,0.00470904
40,1,0.00143101
6,3,0.000979026
50,17,0.00295281
127,2,0.00152745
2,31,0.00795704
42,42,0.00460366
57,1,0.00430188
26,39,0.00461978
1,4,0.00057063
145,2,0.00173664
41,2,0.000589762
7,4,0.000551922
51,18,0.0015117
128,3,0.00095219
3,32,0.00189732
43,43,0.00268418
58,2,0.0013799
27,40,0.00249143
../../data/robots.edge	2	10	32767	0.00143657	0.00341333	0	2.12206e-314
0,3,0.000829974
144,1,0.00342318
40,1,0.00102635
6,3,0.000708555
50,17,0.00220078
127,2,0.00109849
2,31,0.00607989
42,42,0.00372246
57,1,0.00349777
26,39,0.00382701
1,4,0.000470507
145,2,0.00144904
41,2,0.000491204
7,4,0.000455602
51,18,0.00129477
128,3,0.00084632
3,32,0.00184431
43,43,0.0023952
58,2,0.001539
27,40,0.00221747
../../data/robots.edge	2	10	32767	0.00130034	0.00264145	0	2.12206e-314
0,3,0.000814646
144,1,0.00351509
40,1,0.00104185
6,3,0.00069783
50,17,0.00210426
127,2,0.00111535
2,31,0.00601007
42,42,0.00354779
57,1,0.00349041
26,39,0.00380611
1,4,0.000478037
145,2,0.00143623
41,2,0.00048773
7,4,0.000449663
51,18,0.00128306
128,3,0.000844477
3,32,0.00166676
43,43,0.00240961
58,2,0.00120987
27,40,0.00228709
../../data/robots.edge	2	10	32767	0.00125525	0.00261434	0	2.12206e-314
0,3,0.00085033
144,1,0.00339072
40,1,0.00102535
6,3,0.00069654
50,17,0.00208333
127,2,0.00108869
2,31,0.00605386
42,42,0.00355336
57,1,0.0035017
26,39,0.00380549
1,4,0.000471502
145,2,0.00143626
41,2,0.000495813
7,4,0.000454071
51,18,0.00128615
128,3,0.000844595
3,32,0.00167083
43,43,0.00237529
58,2,0.00121084
27,40,0.0021792
../../data/robots.edge	2	10	32767	0.00124245	0.00260494	0	2.12206e-314
0,3,0.00172697
144,1,0.00434252
40,1,0.00193816
6,3,0.0089792
50,17,0.00313436
127,2,0.00190576
2,31,0.00608776
42,42,0.00360942
57,1,0.00357541
26,39,0.00434244
1,4,0.000898408
145,2,0.00189051
41,2,0.00130239
7,4,0.00126508
51,18,0.00217588
128,3,0.00148105
3,32,0.00242378
43,43,0.00256762
58,2,0.00148333
27,40,0.00228022
../../data/robots.edge	2	10	32767	0.00177683	0.0039642	0	2.12206e-314
0,3,0.000801499
144,1,0.00337869
40,1,0.00102352
6,3,0.000693676
50,17,0.00208931
127,2,0.00110264
2,31,0.00604782
42,42,0.00363309
57,1,0.00350988
26,39,0.00389082
1,4,0.000475222
145,2,0.00144994
41,2,0.000493126
7,4,0.000463326
51,18,0.00132971
128,3,0.00084829
3,32,0.00172833
43,43,0.00248231
58,2,0.00124079
27,40,0.00230068
../../data/robots.edge	2	10	32767	0.00128117	0.00261709	0	2.12206e-314
0,3,0.000809139
144,1,0.00338689
40,1,0.00102615
6,3,0.000695931
50,17,0.00208501
127,2,0.00110155
2,31,0.00608872
42,42,0.00353561
57,1,0.0034885
26,39,0.00379287
1,4,0.00047406
145,2,0.00144019
41,2,0.000505255
7,4,0.000458386
51,18,0.00128817
128,3,0.0008483
3,32,0.00173374
43,43,0.00249116
58,2,0.00124887
27,40,0.0023082
../../data/robots.edge	2	10	32767	0.00127963	0.00260104	0	2.12206e-314
0,3,0.000827421
144,1,0.00343999
40,1,0.00101729
6,3,0.000695804
50,17,0.00209538
1,4,0.000475678
145,2,0.00142775
41,2,0.000513429
7,4,0.000468492
51,18,0.00127989
../../data/robots.edge	2	5	32613	0.000833046	0.00161518	0	2.12205e-314
0,3,0.000807528
144,1,0.00339332
40,1,0.00102822
6,3,0.000709306
50,17,0.0020875
1,4,0.000478777
145,2,0.00144848
41,2,0.000498731
7,4,0.000463279
51,18,0.00128224
../../data/robots.edge	2	5	32509	0.000834301	0.00160518	0	2.122e-314
0,3,0.000812787
144,1,0.00338115
40,1,0.00102279
6,3,0.000695507
50,17,0.00207417
1,4,0.000486284
145,2,0.00143275
41,2,0.000486984
7,4,0.000455648
51,18,0.00127898
../../data/robots.edge	2	5	32754	0.000828128	0.00159728	0	2.12202e-314
0,3,0.000825828
144,1,0.00346223
40,1,0.00126657
6,3,0.000890456
50,17,0.0023195
1,4,0.000480328
145,2,0.00202394
41,2,0.000795812
7,4,0.000471807
51,18,0.00136628
../../data/robots.edge	2	5	32767	0.00102763	0.00175292	0	2.12206e-314
0,3,0.000790303
144,1,0.00340248
40,1,0.00101786
6,3,0.000696427
50,17,0.00213228
127,2,0.0010903
2,31,0.00604924
42,42,0.00362188
57,1,0.0035054
26,39,0.00389468
1,4,0.00047374
145,2,0.00144272
41,2,0.000489464
7,4,0.000460961
51,18,0.00133483
128,3,0.000847888
3,32,0.00171743
43,43,0.00248091
58,2,0.00122405
27,40,0.00229532
../../data/robots.edge	2	10	32767	0.00127673	0.00262009	0	2.12206e-314
0,3,0.00544843
144,1,0.00399796
40,1,0.00166372
6,3,0.00126824
50,17,0.00269474
127,2,0.001734
2,31,0.00661102
42,42,0.0041459
57,1,0.00404273
26,39,0.00437061
1,4,0.000516658
145,2,0.00145505
41,2,0.000522998
7,4,0.000532576
51,18,0.00132159
128,3,0.000862057
3,32,0.00168883
43,43,0.0025622
58,2,0.00125341
27,40,0.00222175
../../data/robots.edge	2	10	32623	0.00129371	0.00359773	0	2.12205e-314
0,3,0.000811365
144,1,0.00342291
40,1,0.00101747
6,3,0.000701272
50,17,0.00209593
127,2,0.00108433
2,31,0.00603271
42,42,0.00354886
57,1,0.00351023
26,39,0.00381761
1,4,0.00048353
145,2,0.00144864
41,2,0.000496883
7,4,0.000463962
51,18,0.00136562
128,3,0.000860101
3,32,0.00168725
43,43,0.00240835
58,2,0.00122455
27,40,0.00222303
../../data/robots.edge	2	10	32683	0.00126619	0.00260427	0	2.12201e-314
0,3,0.00081294
144,1,0.0034249
40,1,0.0010237
6,3,0.000716439
50,17,0.00224894
127,2,0.00115591
2,31,0.00602355
42,42,0.00353828
57,1,0.00348063
26,39,0.00395775
1,4,0.000478731
145,2,0.00147709
41,2,0.000499303
7,4,0.000465771
51,18,0.00134943
128,3,0.000864719
3,32,0.00172687
43,43,0.00244031
58,2,0.00122257
27,40,0.00220869
../../data/robots.edge	2	10	32639	0.00127335	0.0026383	0	2.12204e-314
0,3,0.000815567
144,1,0.00341355
40,1,0.00103303
6,3,0.000698758
50,17,0.00211131
127,2,0.00108573
2,31,0.00602246
42,42,0.00352444
57,1,0.00349853
26,39,0.00380473
1,4,0.000475049
145,2,0.00148548
41,2,0.000487317
7,4,0.000452252
51,18,0.0012833
128,3,0.000878846
3,32,0.00169132
43,43,0.00241806
58,2,0.00122344
27,40,0.00220005
../../data/robots.edge	2	10	32703	0.00125951	0.00260081	0	2.12203e-314
0,3,0.00135294
144,1,0.00359222
40,1,0.00102158
6,3,0.000705084
50,17,0.0020938
127,2,0.00108562
2,31,0.00612533
42,42,0.00354237
57,1,0.00349232
26,39,0.0037966
1,4,0.000524649
145,2,0.00144991
41,2,0.000534198
7,4,0.000460182
51,18,0.00129949
128,3,0.000848443
3,32,0.00167579
43,43,0.00239671
58,2,0.00121838
27,40,0.00220411
../../data/robots.edge	2	10	32697	0.00126119	0.00268079	0	2.12201e-314
0,3,0.000819159
144,1,0.00342272
40,1,0.0010504
6,3,0.000703995
50,17,0.00210575
127,2,0.00110926
2,31,0.00601979
42,42,0.0035461
57,1,0.00351106
26,39,0.00381641
1,4,0.000478164
145,2,0.00144777
41,2,0.000501251
7,4,0.000474224
51,18,0.00134992
128,3,0.000858439
3,32,0.00172901
43,43,0.00240839
58,2,0.00124458
27,40,0.00221577
../../data/robots.edge	2	10	32580	0.00127075	0.00261046	0	2.12204e-314
0,3,0.000814784
144,1,0.00338545
40,1,0.0010302
6,3,0.000694728
50,17,0.00208457
127,2,0.00109404
2,31,0.00605623
42,42,0.00355204
57,1,0.00353251
26,39,0.00383071
1,4,0.000481664
145,2,0.00143926
41,2,0.000505453
7,4,0.00045624
51,18,0.00128772
128,3,0.000843396
3,32,0.00168136
43,43,0.00238451
58,2,0.00121564
27,40,0.00218607
../../data/robots.edge	2	10	32767	0.00124813	0.00260753	0	2.12206e-314
0,3,0.00109636
144,1,0.00369727
40,1,0.0016938
6,3,0.0014928
50,17,0.00287959
127,2,0.00189325
2,31,0.00610881
42,42,0.00353623
57,1,0.00348589
26,39,0.00385136
1,4,0.000515821
145,2,0.00149223
41,2,0.000530099
7,4,0.000494534
51,18,0.00133707
128,3,0.000860372
3,32,0.00168152
43,43,0.00241487
58,2,0.00126629
27,40,0.00236915
../../data/robots.edge	2	10	32767	0.0012962	0.00297354	0	2.12206e-314
0,3,0.000820245
144,1,0.00340515
40,1,0.00102101
6,3,0.000700046
50,17,0.00208676
127,2,0.00111359
2,31,0.00605833
42,42,0.00356232
57,1,0.00349753
26,39,0.00380394
1,4,0.000474985
145,2,0.00144245
41,2,0.000499504
7,4,0.00045641
51,18,0.00128809
128,3,0.000849567
3,32,0.00168331
43,43,0.00237631
58,2,0.00122183
27,40,0.00217932
../../data/robots.edge	2	10	32761	0.00124718	0.00260689	0	2.12201e-314
0,3,0.000825332
144,1,0.00340406
40,1,0.00101518
6,3,0.000694585
50,17,0.0021022
127,2,0.00109405
2,31,0.00603179
42,42,0.00354063
57,1,0.00349689
26,39,0.00380075
1,4,0.00048152
145,2,0.00145417
41,2,0.000498401
7,4,0.000461695
51,18,0.00134635
128,3,0.000854268
3,32,0.00172938
43,43,0.00250332
58,2,0.00124418
27,40,0.00232022
../../data/robots.edge	2	10	32512	0.00128935	0.00260055	0	2.12201e-314
0,3,0.000794496
144,1,0.00340002
40,1,0.00100973
6,3,0.000696733
50,17,0.00208975
127,2,0.00109148
2,31,0.00601252
42,42,0.00352064
57,1,0.00347022
26,39,0.00379384
1,4,0.000481161
145,2,0.00143558
41,2,0.000492765
7,4,0.000452023
51,18,0.00128312
128,3,0.000852135
3,32,0.00167002
43,43,0.00238261
58,2,0.00120709
27,40,0.00219085
../../data/robots.edge	2	10	32767	0.00124474	0.00258794	0	2.12206e-314
0,3,0.000960785
144,1,0.00413552
40,1,0.00122807
6,3,0.000855564
50,17,0.00253012
127,2,0.00132986
2,31,0.00684485
42,42,0.00400382
57,1,0.00380314
26,39,0.00403155
1,4,0.000500825
145,2,0.00155281
41,2,0.000529175
7,4,0.000494265
51,18,0.00141515
128,3,0.000920366
3,32,0.00170308
43,43,0.0023967
58,2,0.00122064
27,40,0.00218883
../../data/robots.edge	2	10	32716	0.00129218	0.00297233	0	2.12205e-314
0,3,0.000903214
144,1,0.00340249
40,1,0.00101895
6,3,0.000693778
50,17,0.00210108
127,2,0.00109424
2,31,0.00602729
42,42,0.00355014
57,1,0.00350328
26,39,0.00382122
1,4,0.000475055
145,2,0.00145617
41,2,0.000498255
7,4,0.000463568
51,18,0.00129784
128,3,0.000854155
3,32,0.00169563
43,43,0.00240094
58,2,0.001235
27,40,0.00220156
../../data/robots.edge	2	10	32649	0.00125782	0.00261157	0	2.12204e-314
0,3,0.000806673
144,1,0.00343156
40,1,0.00102772
6,3,0.000699385
50,17,0.00209235
127,2,0.00109804
2,31,0.00601707
42,42,0.00354524
57,1,0.0034966
26,39,0.00380796
1,4,0.000470218
145,2,0.00144043
41,2,0.000497902
7,4,0.00046533
51,18,0.00130555
128,3,0.000854603
3,32,0.00173898
43,43,0.0025076
58,2,0.00123468
27,40,0.00231433
../../data/robots.edge	2	10	32767	0.00128296	0.00260226	0	2.12206e-314
0,3,0.000816642
144,1,0.00358962
40,1,0.00107656
6,3,0.000725259
50,17,0.00220186
127,2,0.00112006
2,31,0.00609905
42,42,0.0036884
57,1,0.00356924
26,39,0.00390722
1,4,0.00048132
145,2,0.00147361
41,2,0.000498251
7,4,0.000466025
51,18,0.00134171
128,3,0.000850945
3,32,0.00175183
43,43,0.00256829
58,2,0.00130785
27,40,0.00230536
../../data/robots.edge	2	10	32767	0.00130452	0.00267939	0	2.12206e-314
0,3,0.000821741
144,1,0.00340606
40,1,0.00103004
6,3,0.000695696
50,17,0.00210466
127,2,0.00109346
2,31,0.00602461
42,42,0.00354755
57,1,0.00349849
26,39,0.00381369
1,4,0.000475617
145,2,0.0014883
41,2,0.000502246
7,4,0.000474227
51,18,0.00134886
128,3,0.000885015
3,32,0.001758
43,43,0.00252717
58,2,0.00126456
27,40,0.00232212
../../data/robots.edge	2	10	32560	0.00130461	0.0026036	0	2.12206e-314
0,3,0.000798898
144,1,0.00337851
40,1,0.00102121
6,3,0.000690442
50,17,0.00207406
127,2,0.00109579
2,31,0.00600471
42,42,0.00352735
57,1,0.0034893
26,39,0.00378807
1,4,0.000468771
145,2,0.00142453
41,2,0.000497093
7,4,0.000452778
51,18,0.00128262
128,3,0.00084458
3,32,0.00172202
43,43,0.00248457
58,2,0.00123252
27,40,0.00227147
../../data/robots.edge	2	10	32767	0.00126809	0.00258683	0	2.12206e-314
0,3,0.000791528
1,4,0.000698824
../../data/robots.edge	2	1	32767	0.000698824	0.000791528	0	2.12206e-314
0,3,0.000797197
144,1,0.00338232
1,4,0.000698163
145,2,0.00143777
../../data/robots.edge	2	2	32767	0.00106796	0.00208976	0	2.12206e-314
0,3,0.000789887
144,1,0.00339368
40,1,0.00101463
6,3,0.000696107
50,17,0.00209163
1,4,0.000480698
145,2,0.00143093
41,2,0.000498011
7,4,0.000463149
51,18,0.00133695
../../data/robots.edge	2	5	32767	0.000841947	0.00159718	0	2.12206e-314
0,3,0.000791993
144,1,0.00338757
40,1,0.00100999
6,3,0.000693832
1,4,0.000684183
145,2,0.00147541
41,2,0.00049915
7,4,0.0004631
../../data/robots.edge	2	4	32767	0.000780462	0.00147085	0	2.12206e-314
0,3,0.00080202
144,1,0.00337545
40,1,0.00102126
6,3,0.000689579
50,17,0.00208027
1,4,0.000483083
145,2,0.0014663
41,2,0.000492486
7,4,0.000454591
51,18,0.00128209
../../data/robots.edge	2	5	32767	0.00083571	0.00159372	0	2.12206e-314
0,3,0.000795049
144,1,0.00341329
40,1,0.00101372
6,3,0.000693703
50,17,0.00208915
1,4,0.000473844
145,2,0.00143315
41,2,0.000502737
7,4,0.000458623
51,18,0.00128459
../../data/robots.edge	2	5	32767	0.000830588	0.00160098	0	2.12206e-314
50,17,0.00218352
51,18,0.0012922
../../data/robots.edge	2	1	32722	0.0012922	0.00218352	0	2.12205e-314
50,17,0.00217532
51,18,0.0012874
../../data/robots.edge	2	1	32767	0.0012874	0.00217532	0	2.12206e-314
50,17,0.00219705
51,18,0.00132509
../../data/robots.edge	2	1	32738	0.00132509	0.00219705	0	2.12202e-314
../../data/robots.edge	2	0	32687	inf	inf	0	2.122e-314
50,17,0.00219839
51,18,0.00129603
../../data/robots.edge	2	1	32560	0.00129603	0.00219839	0	2.12205e-314
50,17,0.00215992
51,18,0.00129933
../../data/robots.edge	2	1	32767	0.00129933	0.00215992	0	2.12206e-314
50,17,0.0021607
51,18,0.00129692
../../data/robots.edge	2	1	32646	0.00129692	0.0021607	0	2.12205e-314
50,17,0.00219416
51,18,0.00130421
../../data/robots.edge	2	1	32518	0.00130421	0.00219416	0	2.12203e-314
50,17,0.00217381
51,18,0.00130655
../../data/robots.edge	2	1	32705	0.00130655	0.00217381	0	2.12201e-314
50,17,0.00220642
51,18,0.00131872
../../data/robots.edge	2	1	32555	0.00131872	0.00220642	0	2.12202e-314
50,17,0.00221519
51,18,0.00130452
../../data/robots.edge	2	1	32634	0.00130452	0.00221519	0	2.12201e-314
50,17,0.00218953
51,18,0.00129741
../../data/robots.edge	2	1	32767	0.00129741	0.00218953	0	2.12206e-314
50,17,0.0021774
51,18,0.00128736
../../data/robots.edge	2	1	32767	0.00128736	0.0021774	0	2.12206e-314
50,17,0.00219218
51,18,0.00128717
../../data/robots.edge	2	1	32686	0.00128717	0.00219218	0	2.12202e-314
50,17,0.00220835
51,18,0.0012937
../../data/robots.edge	2	1	32767	0.0012937	0.00220835	0	2.12206e-314
0,3,0.000812194
144,1,0.00340405
40,1,0.00101696
6,3,0.000690369
50,17,0.002096
127,2,0.00109803
2,31,0.0060129
42,42,0.00352712
57,1,0.00349362
26,39,0.00379659
1,4,0.000473998
145,2,0.00146442
41,2,0.000496711
7,4,0.000465034
51,18,0.00133103
128,3,0.000859175
3,32,0.00172932
43,43,0.00246237
58,2,0.00125312
27,40,0.00221875
../../data/robots.edge	2	10	32721	0.00127539	0.00259478	0	2.12205e-314
0,3,0.00081615
144,1,0.00345395
40,1,0.00103442
6,3,0.000706308
50,17,0.00214422
127,2,0.00108919
2,31,0.00605394
42,42,0.00358855
57,1,0.00350399
26,39,0.00382669
1,4,0.000501474
145,2,0.00144448
41,2,0.000496494
7,4,0.000447391
51,18,0.00132335
128,3,0.000899111
3,32,0.00171133
43,43,0.00241543
58,2,0.00124655
27,40,0.0022262
../../data/robots.edge	2	10	32767	0.00127118	0.00262174	0	2.12206e-314
